16018
2832
10328
16071
22284
4083
16185
22565
24084
8022
11639
19740
7403
512
17608
21995
2896
4474
18382
4633
17237
4394
338
2518
15100
2831
9864
18568
16758
20605
14917
9780
11674
12322
1386
6562
2487
3551
22369
1371
21480
9744
3348
869
23739
19685
2478
14975
10061
2825
2492
6241
8995
21684
9269
17196
897
4611
3125
3481
23208
3391
5216
1514
23400
20786
15264
18632
17693
412
1622
8262
2532
2309
10964
3783
11324
13517
2212
13560
21266
24198
22117
23047
23226
4477
441
4236
19348
10608
13505
15475
14873
6242
18524
17838
13232
23685
11683
179
18104
1368
9350
20715
22625
15097
5684
22114
3136
6221
20195
10477
16967
20268
15288
12873
9428
23922
9740
13261
15815
19606
11951
18565
1554
880
16853
11124
21210
17905
23447
12382
23371
10602
655
3778
3258
4997
20434
21248
8375
9017
11405
15631
1479
1504
19682
6193
6278
4402
13985
8167
23785
11949
21322
13385
21936
16077
6852
17228
8886
13890
16031
9421
4645
44
2875
5461
22311
5112
9060
6920
17105
5083
10949
943
4425
1423
974
16139
1005
20891
11629
9038
10160
7213
16674
22911
18714
21305
11782
18372
11124
2958
4964
2826
21066
15855
23527
2175
24519
9854
23707
18887
6456
3588
7809
17226
125
19971
22126
7190
10603
16524
20116
22570
19703
5206
21979
8995
5545
2599
5331
12591
12790
5842
8758
11035
5518
23166
18661
3328
23892
19003
16251
22532
21291
22405
11066
1683
17702
19985
21299
13774
3599
21593
19747
12016
18217
11409
6580
1831
24827
20123
20845
18654
3295
20285
6194
1090
10268
10709
496
6252
1010
3437
20497
7405
15376
3605
3695
20434
9302
19546
3442
8560
2450
18633
22628
7289
17615
16877
6255
17573
17925
11927
18656
333
17425
7680
13999
1489
1353
14395
3814
13296
20492
14773
19308
9852
10426
2638
4862
15773
11558
20831
17459
11240
1434
794
16871
8933
6450
6534
7698
8909
7237
6082
9708
6219
7894
5446
14230
17507
23216
22885
23711
20313
9605
20918
15607
12582
9683
7265
11875
19421
21570
15702
19971
102
21573
9759
724
14670
21173
10937
18520
14600
10304
12378
14263
18309
16342
22825
11760
24672
5203
10556
311
4258
6452
3663
10897
15783
23170
3445
10301
527
15995
11995
9959
868
5390
15299
18817
12016
1818
16792
23760
3315
8258
20541
3518
2612
23256
23270
18420
23768
13602
21943
4329
4340
480
24029
19255
17872
5548
9948
13163
23798
5764
1243
11520
11550
9230
7898
2604
24693
21631
14805
9988
8506
1637
17209
6292
5474
6539
1720
19639
10879
14493
239
16449
16976
22365
18795
17382
22611
24620
14054
24692
12607
18369
3718
10290
24889
18420
4316
16572
509
6786
12532
23587
2773
13307
17045
17497
1489
13470
23049
2105
12996
7587
22884
21035
15216
23031
19672
15053
16045
23880
22542
20561
18812
19770
3078
19208
3425
7402
5441
18373
12467
22697
9321
884
3344
20283
3174
2868
4104
22800
24729
16509
23403
23813
14930
14490
17767
1170
6216
182
10928
11877
6498
2263
24338
10335
3134
22473
6967
16666
13101
24480
7354
4594
23766
5333
326
3377
4617
17963
2706
1144
9663
3647
15807
2446
20541
18071
24046
9765
14798
7345
9901
4526
23121
13114
3446
2583
8066
479
19149
457
8436
21796
11558
23928
22069
18197
19952
18008
16323
2253
15303
20024
20247
7447
13679
4228
18644
16100
271
5644
21327
3778
12533
14388
2883
7240
21808
8987
23896
18541
23880
23895
24374
5422
5718
6843
842
6920
12355
17036
20406
3324
10743
14908
16211
16362
15834
10615
4444
44
19653
22105
16078
11450
6282
1847
4644
2099
5614
10120
8412
17458
21288
7452
14680
2398
2726
16879
9511
12259
3566
8461
14104
24978
3606
11123
2256
710
17892
12535
14259
20162
4129
20441
2477
20360
6361
20934
15026
14746
22134
17048
8776
13430
22635
5621
9312
14328
12688
22312
23498
14667
18755
15249
9018
22479
13863
23373
3041
8728
24953
12589
16761
11941
21728
20370
23613
5082
5057
13759
834
14622
22885
12778
7844
11035
17867
2889
14074
18464
13376
7663
8319
8395
4536
22669
24916
16143
4136
7645
22151
6490
2195
4833
12801
21136
3064
2225
14541
18849
5257
5612
20799
5992
2171
12482
14675
20238
17623
15934
17221
6255
10783
19831
13249
6885
10857
20155
24738
4693
7509
21877
14917
2908
7718
13743
1045
1215
2543
15042
19262
20135
2997
10103
1852
771
22760
13609
6486
21718
2298
8561
24648
16101
11033
19565
17797
16647
11291
5568
23474
11564
10846
6939
13047
13134
21877
5487
17840
22902
3086
23783
15468
5184
4037
6091
12497
11663
12809
943
18673
23635
6434
2637
17345
19487
2350
15255
10586
23894
21367
10121
21524
21643
3225
4841
130
4752
18448
737
8212
13404
2979
1596
24854
8098
9004
22463
20840
12817
3855
6080
13120
9052
19530
18914
20375
9449
22184
5231
4774
1803
22999
22414
8224
17177
12215
6989
5868
20823
3554
21649
21980
21376
4913
17884
10470
4482
18429
149
7200
5287
15437
16872
12718
17070
6516
10473
24063
7361
12045
8650
10911
761
3618
157
9589
10440
7080
21442
23895
19509
4226
18266
7037
5995
2138
3841
24151
6654
21278
17782
19760
18886
18984
15298
22414
16156
1534
21418
3282
11859
22540
23706
15185
3387
6037
4313
4523
16468
15281
23275
3211
15058
19526
2761
5883
20214
6797
16955
5013
1711
2851
5826
5028
6915
21766
13076
8211
21949
22739
15387
17450
10829
13369
919
5640
2388
1326
20085
7116
15896
17968
1573
76
5668
4720
7032
10473
13959
18303
23294
20709
7053
23880
13872
20006
23170
4645
14757
15916
6501
4819
5846
10224
15219
19736
15644
18880
1714
13645
19344
10505
21803
6382
13082
1563
18063
7487
2007
13467
3682
10909
20657
24330
20691
6891
23949
16203
13500
11165
5926
13783
19976
5345
18127
21761
23765
1018
9300
24744
7277
3707
11554
11428
5216
6860
19394
3321
6336
7721
17805
13359
8820
17236
13894
2711
181
24288
9726
1635
6081
11037
24329
1839
21193
19297
10905
21942
11908
22995
22666
6765
12650
12248
1961
18560
3532
19013
811
22979
22527
11375
16369
4364
19844
12722
14861
10758
9886
22435
2749
19862
8018
24227
2152
9544
3867
18146
3735
20382
18046
3246
10675
7494
21464
12403
12736
9928
16372
10182
8214
15617
3229
3533
6289
3360
10034
23878
1162
6830
8233
23137
21492
20609
24531
10861
4918
16517
11374
2170
457
17592
20237
2738
15368
9649
22362
3662
1797
12965
16623
7294
22153
10347
4078
1694
20356
6725
18250
7742
6491
23214
14937
6744
21519
21710
3823
6072
20424
22448
19222
8005
6346
12189
6025
16031
12028
13986
14287
17654
24054
18147
6233
8801
13258
24991
21643
22123
24628
4934
21407
20770
23366
24579
6113
11938
126
8014
6474
1646
11831
1679
7285
13903
6541
15885
13487
18127
15419
995
3677
10264
22317
11220
11961
4236
21500
17853
2082
10746
16149
5324
10881
21168
11114
3195
14839
16331
20926
22406
4098
4669
7314
24022
14361
7197
5188
538
19679
9420
4706
18761
12306
8835
7254
5437
1886
14988
6092
8859
10739
736
13529
7565
11069
19092
10734
8359
14458
13098
18773
18420
5898
4008
6248
19785
6988
10818
1444
13286
8620
6356
214
14796
17467
18278
12018
8236
9602
1691
19417
7268
19439
15074
2883
19540
18450
9436
3564
7455
13346
14493
15264
20992
1253
322
7425
19245
17843
893
820
7407
13347
18794
16616
22093
9749
12997
15604
9948
15895
24211
6479
9397
278
1376
10209
5405
16240
338
2093
21590
401
11001
14362
8137
6554
13812
20920
9109
15938
12814
6179
12081
22078
8482
15998
6739
21879
23337
4605
22939
7269
11561
22682
21882
1858
12693
6566
15348
21944
11303
15978
7479
1601
8155
16563
24302
11475
10424
6875
17135
12666
5068
20061
6551
6328
2457
16782
22779
22155
9585
957
11157
2543
21497
14274
23289
21387
18893
23685
10953
15551
16139
8068
9364
23819
22188
11219
15349
15993
1933
16585
23547
7633
8624
4275
19194
6438
20238
21960
24232
22384
10181
24245
14731
22562
14395
17324
18134
15896
24179
23992
10653
11430
353
6240
3456
10922
7472
10439
9704
1523
10051
12987
4363
2303
3832
3985
11835
19234
8852
22003
3019
16547
5596
1872
20544
10144
13110
18675
16587
4147
2554
16139
16161
20601
23053
23033
15952
2729
2761
21830
16957
17859
12377
11455
19437
18494
23175
9979
12574
7171
3827
13051
11554
10815
24294
1218
21279
11780
24991
4304
23839
22285
23
13037
16176
11050
5516
15900
20340
252
17125
5361
526
20638
13014
10941
6737
21894
22323
12074
17576
12381
20447
12949
11430
1254
22778
18373
21221
7324
2473
11338
22115
10876
13284
19711
5230
14533
21384
12961
20945
8533
13638
12748
18401
12596
15716
20791
16315
3655
11104
10324
21154
14080
16365
2742
24476
694
304
11093
24169
14364
21583
486
2666
640
15641
20334
2668
18318
15330
20947
5034
17954
2102
20298
23162
1026
24572
23581
8938
6076
4830
23504
129
24755
1336
10359
24162
18823
20147
20464
15225
3577
24820
5694
662
17953
9670
24408
7629
17544
18634
17544
7565
11929
19554
15055
195
4597
3981
8239
1232
13440
18239
4961
21223
23144
12847
15954
4418
18412
10269
12407
9859
19697
2103
10625
6433
23503
19340
2819
11040
4114
842
16739
5830
17847
22733
3451
1270
546
13020
16015
19077
13971
20438
5735
21085
6432
3276
23494
3906
17488
24724
7303
23219
4235
13217
9869
2420
6648
10968
12843
3697
22971
667
4733
5177
8203
11454
8966
3291
22242
22128
17711
17707
1298
24174
10998
5589
9353
11533
16200
17817
23496
5225
13124
22194
14895
5824
1466
834
11165
21104
19458
14938
14154
20038
4094
11102
17735
9089
15723
323
17997
20209
10426
9094
5838
9016
954
17791
4016
13359
23029
17349
3708
10710
9186
13340
20017
11455
11569
12219
1000
8190
11673
19384
8875
22202
5955
23278
24913
15857
4468
13560
1260
19654
9538
15638
18458
8134
5200
9377
138
16873
8128
9588
9555
5928
822
17259
3776
6349
4726
23199
14753
19950
19360
14260
3916
8275
4098
24552
15474
3901
9662
3841
24597
10120
14925
15139
23576
19024
23183
21255
14424
2061
3160
20497
20298
24850
13642
14328
14904
4398
4408
20421
11747
10845
13344
85
6537
22593
7864
9032
13732
20561
6642
16617
23702
22096
1591
6430
5316
2265
3110
18524
11009
6557
13905
19616
18794
3378
7404
16892
24060
455
23973
1995
17722
11767
15300
6632
12686
19603
11693
18096
15764
23762
13945
15989
8937
17458
4347
2173
22876
15116
15693
12333
13851
21091
23829
20707
5800
6524
9256
19831
9148
9872
7257
14066
12171
8147
13696
1494
18729
5760
16718
23810
5676
6024
12476
11300
18878
2973
20216
12600
2858
689
1240
21355
18454
3360
15995
17701
8459
2064
340
20839
15893
4497
11482
20331
12004
16503
17006
11204
18314
9817
18419
788
22853
8422
990
17057
768
5001
24967
1387
2917
2922
1839
2327
24134
5421
21258
15063
761
7177
23210
17256
24137
2446
13869
19054
15567
23442
4672
19483
16315
13872
7945
5314
18987
3500
21843
19844
23304
9276
6851
6909
14944
8239
7230
11232
15306
15307
7278
16116
23014
2894
21174
21539
839
4478
24300
22669
9244
18238
14578
21547
15663
17339
5545
11064
24034
16819
23535
15812
7047
7730
12405
12257
23904
12319
20982
2125
22736
7636
14574
21375
22037
7600
24180
14993
2642
9219
16646
9051
14654
15256
15178
6513
7303
9550
5964
8681
6531
22860
17914
9472
15578
425
20709
22406
19289
8081
295
17873
21554
8735
23184
15283
12057
6409
19381
13351
11254
10905
22818
8022
22597
19232
3158
19139
22850
14015
22418
21370
16238
9360
11955
15038
20829
15381
10490
16167
23085
5932
24115
20248
15854
269
11319
13532
18303
1613
22639
8654
16485
14273
2467
8253
18782
24946
14331
22800
11749
7372
14330
592
11170
3541
8985
24058
14096
17107
8905
9313
22505
16099
9341
653
10386
15698
17764
3327
7231
3146
4243
16956
2859
2971
23492
23979
16659
15795
18008
13481
24123
12968
8831
14611
9618
14979
20255
22876
14228
21473
24502
14733
2361
7566
8538
12259
20806
8896
2130
12678
18935
10559
11871
17663
24611
14570
8490
15718
2557
6002
23561
23115
23938
3366
2682
2678
14898
2044
10938
18491
16831
15564
13316
13273
14426
24801
20675
16854
12534
18247
7406
24317
4165
14835
11525
7744
1778
24142
4556
20146
4497
16911
17083
9981
7706
3649
20984
11583
23909
22631
946
24383
19506
11165
18308
9735
14660
19693
16600
1169
12479
15720
23474
7497
22937
19452
2903
14925
22529
16869
3624
19563
20995
9990
13765
20747
3788
7192
4274
16315
9405
4704
23406
5396
18753
4114
23720
20371
23880
11157
16331
24153
19938
13376
11184
2024
9362
17533
22522
22818
8705
18042
4086
3945
8325
18474
10890
20879
20154
12853
10067
24201
129
17472
444
2018
16120
22864
6422
21380
24734
596
8255
3751
17094
4042
21247
22043
24949
5353
18312
12886
24014
7006
17994
15820
10267
22766
24633
5531
19411
2823
2006
11176
21432
10869
19913
9690
14215
18657
9604
17120
16229
5401
3561
22264
4023
15076
10709
3811
20947
306
12204
3790
1916
19659
23155
9086
10897
13953
8442
2001
38
8551
22217
23461
18877
16555
22822
11223
7013
23400
20229
21107
21563
9876
11997
967
23118
9541
15186
8542
12855
10974
15616
12471
19411
23430
11372
17813
4684
24563
16362
15655
7825
2890
2342
17833
6119
6573
22094
7874
24313
120
19695
2820
1569
2216
5058
5293
13782
6917
23386
21576
5859
1310
22837
5714
19733
6745
4098
17864
17618
12281
14209
7792
12799
12644
24564
10253
7468
23697
6177
19488
18958
1631
3383
585
15457
13461
21696
24779
23680
11333
5313
2752
14178
1774
15942
13413
24078
502
21594
7835
4648
4000
9514
17430
17536
10842
11
7470
19495
17601
4944
16389
19978
12338
476
4782
12456
21647
24682
12481
13492
6257
968
11763
1804
3239
2888
4722
21025
7697
15891
19355
12162
23191
18595
15761
7275
11079
3190
14551
5786
5982
14446
2787
5003
10438
16620
9188
15010
10281
24438
4790
21941
2844
16862
6637
20397
3644
21687
2000
3119
15011
17212
12316
22372
17568
20884
5761
7386
19752
19728
6841
233
15549
9161
5940
2524
7059
4860
23989
13853
2508
963
5022
13535
17330
4228
17748
9741
9767
21471
1362
12035
19204
9157
19066
5665
8653
20462
24518
8962
16321
24206
7212
2218
20776
3914
23933
19672
16830
688
18334
18767
15682
385
14859
22907
17738
10144
6805
11463
12116
10197
9733
13492
20664
14755
10519
13321
16658
13289
8257
21663
963
23348
5216
3844
1369
15407
9816
20231
5075
16238
3643
918
10894
12521
7926
3935
12222
11920
2747
22267
20689
19362
24302
304
7201
7196
18896
23362
7423
14870
10490
4598
7469
22556
3268
22748
6988
2648
15262
5629
14399
5565
10908
7132
1308
18354
22522
24492
10218
14289
5946
17764
9906
4039
7775
543
23789
21240
5428
9734
22040
18618
17666
2426
18106
12255
4718
18488
16118
4684
19585
16574
10884
2918
12286
7575
10990
19330
5500
23589
20076
4847
3173
20685
8602
23128
3185
13711
9787
22619
17247
596
19378
673
9845
15733
20308
14846
1497
11080
5428
22743
6771
618
13242
9134
580
12615
5471
1702
24914
24189
8319
9400
12847
20175
6559
20776
15079
1155
9469
3697
2754
21400
12011
15020
20690
1765
8197
18879
8585
22257
22618
2529
23673
20036
17307
7647
6081
14846
3468
2543
9054
21313
20413
8732
11457
20147
1663
20010
16819
2368
22941
9007
18914
18198
13392
21612
21134
1172
2911
10301
14705
7201
9892
16648
10953
8901
15511
5427
12940
22394
6324
22290
3892
18440
3862
8121
7935
10542
6779
10879
11909
20400
528
7746
21957
23332
3016
9531
18507
21868
17218
5919
590
8023
14571
12550
18173
4648
5762
6540
6886
22334
8433
24104
15382
469
12094
24473
3995
1160
1283
2199
3124
11740
16474
12456
6206
6512
11452
1685
5691
3113
20781
3204
21248
13592
24900
20540
18361
1140
23592
23910
13003
22171
8154
16090
10756
6332
16067
10176
8257
19369
19186
13218
23160
5342
2668
16732
5562
11927
5081
1027
2950
1910
4957
13106
20965
5354
6322
12600
22289
4280
24804
6993
21491
2958
1756
4529
3554
5088
4320
16530
14943
4894
24756
762
11162
19594
20515
777
15577
1314
17746
16446
23482
10918
15050
608
22189
3180
1695
22943
23197
24527
4435
18152
4594
20712
3787
20058
15865
7377
2373
16144
11644
10716
21479
10652
15618
5279
2267
19870
7206
9908
3042
17389
23028
6007
24452
16508
21305
23197
12803
15266
10854
14113
23731
19562
5935
7097
3545
7966
16892
9395
21124
13197
24670
23380
23012
14812
5199
2673
6506
9269
22117
8688
17106
5173
15099
20115
22401
24387
20554
8581
19082
10416
21651
13344
19953
23481
22031
1254
11804
8912
14566
18405
19120
18550
20060
20528
7495
7127
16602
9889
14546
13007
1200
19685
13313
5441
14243
16716
11913
7905
4427
22509
14185
8294
468
20230
23870
16286
22394
16152
20909
3029
740
22680
18339
11534
8123
16776
17173
3205
1105
20286
11034
18069
6522
10582
12115
4674
9473
13782
10474
1665
2555
11840
9524
18945
20405
3300
6676
11251
8275
12173
7984
18661
15617
4358
1934
13463
22066
4450
10247
6145
22171
7402
16
4794
10211
13223
18887
2809
9311
17298
14631
22163
16206
19625
3994
7101
20149
6424
18569
22035
3136
14976
21752
19670
2097
1444
2565
10009
22564
523
6457
8839
1171
3773
112
20716
15335
17731
3644
24512
16646
12359
6888
24456
7040
23686
5760
1880
4542
11617
21993
12629
13609
13090
22376
20470
6230
11899
3486
16442
17565
22789
24607
17072
3345
24645
23114
22128
3471
7258
4697
555
23076
13080
9301
21782
4252
13325
23932
22665
5106
20521
11817
8824
1998
14994
9531
3853
16874
552
10093
23320
16479
21735
12100
11017
1719
3277
4179
3921
12741
156
556
18007
19565
18000
5886
13343
4489
20068
3121
3995
10025
22842
16872
21043
7507
20904
14055
581
18161
893
24999
13303
9358
4794
18675
20850
22223
4978
15060
5108
7278
7924
16251
11503
23733
16394
2673
18765
7623
12624
988
11282
3964
3326
7229
1043
5546
667
140
18759
23281
22399
953
16243
21934
10918
1058
5696
3189
15435
9066
2416
20190
9036
14045
22322
23050
4502
13178
2086
5111
17346
9458
6247
4924
9166
21390
14189
15220
1009
22255
1482
10709
831
2443
16230
14300
12468
22421
12952
10500
6625
16909
17677
3013
21878
3600
4918
11752
7403
3387
10621
982
12895
17442
12304
17155
12360
7780
4971
16
12525
477
19263
11287
9078
7733
13496
4946
17318
22449
10647
4451
22942
13131
19928
12477
4584
15444
11706
2138
4313
24792
20697
21125
6724
4437
5180
13127
6116
10644
10106
5590
20684
1336
20086
14259
18484
13533
24004
63
24356
24757
8022
11391
11197
11247
3787
12994
13582
14405
6155
18931
3194
17428
19853
18417
16164
24984
21485
1217
12888
359
19913
16123
4032
22889
4774
17357
7946
483
6968
8058
23142
13049
3908
12679
22010
5511
4626
20985
8007
20426
2532
7663
8088
18839
2221
17371
5393
20172
10015
17826
23610
8102
23233
11073
24624
16196
19922
19221
10933
21764
16226
15769
8086
11586
7046
18317
21260
19324
21596
24057
16935
22240
16594
20692
23900
14948
9101
6165
8824
19665
21809
756
17498
2985
6126
24100
3445
17452
4965
19509
12932
20027
23316
3082
17935
8251
13425
19202
19534
23937
13448
4711
9267
21404
7875
8803
2149
12591
16318
12667
6464
12896
14922
8943
19288
20309
985
9942
17650
11848
2399
4786
3437
20759
18540
22081
6107
3958
23357
1455
3099
7187
22243
16129
19264
7841
6758
5699
19798
19933
5000
18115
5452
14681
12498
19072
20680
16884
10039
14111
15476
1070
14423
23717
543
254
23087
4996
20424
842
16398
1260
5640
23205
4028
647
9773
2910
22679
24063
19712
17962
7365
3588
7611
1906
3877
21706
21499
17811
372
10109
22468
18603
294
16086
8162
10620
23353
20879
21341
22923
22130
1360
136
5360
4353
23116
24995
11498
94
13441
6413
9262
13809
14873
22819
2155
24402
1750
23228
7627
10410
24073
24054
22416
17285
24426
21938
22442
11065
6641
7379
4975
3928
15600
23877
13966
16819
7107
14434
19962
8538
9483
12378
3663
23843
21533
4851
12607
22009
18425
13958
18800
21401
5923
10068
23740
21702
10
5484
22119
21936
2385
2126
17158
2921
2955
22937
22683
10888
16874
6654
6048
14305
9350
20147
24070
522
21397
2301
6017
16627
12097
16731
12585
21682
14990
6018
7024
23531
6356
4093
17613
12442
23690
3587
14538
12470
6307
10589
8306
6607
4662
21783
10488
15661
20217
4046
15293
18401
12702
16033
2157
23804
11295
14062
3283
16621
15549
20846
4163
17102
13402
5723
4430
13200
9755
9509
23060
15071
2422
22283
5909
10020
24111
5708
1739
14992
2778
5133
19245
12214
7662
1693
3292
18211
20047
24868
5470
3097
2639
24390
23230
15750
24050
24892
7103
12719
7217
2754
432
14608
1610
19668
10763
22209
10040
8102
19893
7012
9289
13344
6993
16545
824
4354
1510
8371
19491
2526
11897
18846
22008
19835
16753
16048
22403
2390
13079
137
11600
16891
20622
9072
17031
504
2965
8739
23012
23961
15143
11323
19742
18291
1454
16858
1952
14298
3737
19650
12500
17898
4785
17242
21110
9077
18867
21500
1880
10109
19570
1803
11256
18434
3356
11584
6429
2198
4644
22606
14675
17777
23132
733
23262
13266
14519
4765
8525
10963
12563
2221
5477
1530
23133
783
11196
4969
2323
4281
17151
12053
24945
9117
17966
23501
11012
13960
23703
20390
8924
23634
3297
16577
4547
6770
13506
22594
23540
14807
23406
20729
15783
11100
10046
7610
9109
20695
5583
13890
4845
7161
1582
8709
14840
14533
22366
10294
16649
9575
11985
5105
172
21667
6542
11563
10100
13507
4030
20953
12112
22400
7770
1800
5317
21026
19373
7267
14456
16161
19401
21417
9457
2370
17075
5910
23436
16826
3884
3905
20124
2748
14394
23966
24752
16815
6552
13411
12689
9622
11779
17732
1364
11080
6229
12947
8255
17749
6524
806
6533
22047
6080
16262
6889
22441
11022
23328
492
15690
18970
21103
21359
20681
12805
19886
15709
19650
22667
22190
22295
9837
6506
2838
2391
19265
21587
1733
19328
10001
23829
19657
13619
21953
20994
13739
14636
13189
8646
16569
738
8093
17885
10304
4697
15789
17164
3717
20717
20819
21530
12159
17543
24152
3664
24680
20172
9917
21098
18689
18571
16408
872
3161
18094
23416
12986
17047
6037
17553
21516
4353
941
4819
21835
2447
20768
14945
1272
15073
12293
14071
10587
1005
7192
1616
12397
11267
4266
20986
13428
19903
18818
23989
23901
7449
20943
18242
5490
11368
2232
20387
7393
17388
17220
10152
15625
24539
16376
396
18008
11844
1632
8671
20559
14161
19152
15760
1754
3378
23403
16780
18861
19918
14551
3037
21948
8309
6883
7329
19808
18159
2294
10567
14749
5128
5594
15245
9788
18538
6871
13156
13698
20800
23638
14512
7421
7223
17161
18309
24870
201
2149
18674
7524
15230
22150
18658
923
13161
11558
7767
19030
24076
20269
12443
21782
4178
9904
7832
19868
12427
2660
21281
10481
24739
4044
22600
11800
8014
13706
20549
22324
10496
18408
11338
3208
24691
4184
15899
8176
6362
5895
9989
1831
17816
14138
14686
6464
21419
17966
1197
12379
1836
24348
4386
19263
832
16881
17332
5334
5063
6742
113
1652
2260
16928
9470
15919
9710
16267
22400
13399
24034
1793
21894
6498
5244
15201
21587
12337
2184
2193
23834
21186
2913
23975
21721
20558
16076
16387
7843
3774
15552
18566
9869
4773
1913
3787
17241
1109
18896
4987
16439
11380
13704
14087
23640
10516
23230
22867
24970
14698
22073
9961
9671
19091
939
13061
9224
8550
2490
14933
2954
5251
16169
5245
23071
24484
18002
13125
4818
17984
20810
689
17177
21728
18885
1285
221
13769
3001
19285
24756
11364
8954
19589
24821
9083
21463
20566
22769
751
5330
2109
4062
350
24118
10025
10581
12977
1731
12191
22413
16811
2525
15097
3582
14181
24984
15105
18192
16425
14680
6461
5239
5543
19773
13942
7913
17986
11675
23732
4659
20083
17128
23455
1630
818
4807
23635
3710
4377
21817
15177
11684
2852
24431
11030
1091
24190
12277
3651
10663
4950
13625
3855
5662
22523
2794
7886
1044
16669
5045
20565
23595
658
24310
1467
18998
3044
2161
4733
3084
7861
1044
161
16514
16871
21656
15236
14428
1567
5192
17281
3204
2506
17441
24752
20365
10314
9938
24006
18291
5556
24497
4973
4061
9586
13269
3797
10295
5718
8090
9688
12942
6487
3032
13638
14177
2546
7327
15544
22571
6126
22216
22228
16843
7350
1823
23771
1531
13927
24746
14386
21890
2814
8896
13755
9026
9806
10099
8901
9035
6639
11747
2633
671
19246
7619
23195
857
15138
19668
2957
8288
11225
17408
14151
9267
18205
10275
12647
12194
17355
14871
5935
11611
13147
24082
23197
2526
7154
16314
2964
378
11147
5938
16368
13551
12464
21742
21341
19896
3105
14588
3675
2578
2021
7366
9256
2101
3261
12640
11202
10539
2458
1990
13754
11937
11500
15536
20020
18098
14157
8345
24337
18727
23898
16166
15119
1265
24714
9411
8943
6219
14009
21828
23615
24357
23417
23675
20980
4293
17082
5686
4636
20159
13136
23154
4302
8079
5512
24276
62
20913
18804
9450
17746
1392
21548
9798
19749
9568
11268
19059
24495
1076
18147
23725
16294
12186
7954
3800
7672
22075
342
8949
22081
10993
9849
14801
10990
13116
21789
22788
5001
14527
8825
21071
1915
10939
21480
13503
11199
533
3856
21993
3633
13474
9933
24493
23181
14960
19549
20225
1364
6789
3966
4719
5554
7355
21040
12476
2413
24348
8685
12295
19627
13735
5436
20490
4570
7298
12556
11519
11157
21908
24790
13242
23432
3997
744
8228
12729
18502
17379
13490
4197
22020
24177
11198
11043
20471
7295
16291
11966
1971
8825
16673
4402
9641
12733
21993
21161
23545
4329
16379
10873
14578
21220
22556
2968
2859
23934
1945
16852
19218
959
5725
15736
22494
4441
2863
4107
18981
24478
10256
3978
8784
20889
21693
9756
2291
3176
2598
19220
14937
1382
18722
1744
13413
10715
6742
2463
15031
18985
8436
11714
13699
7923
13191
9978
21650
11983
4932
17612
13252
10823
14465
15436
9767
6791
1207
8036
10730
14773
21920
19974
14643
6884
11858
13703
605
21650
4277
21549
23416
4346
22712
17120
8238
4239
24782
15647
405
22225
23614
15733
6737
7305
13284
19857
23993
7887
4391
18769
6225
3648
20547
4071
6117
14566
4228
10635
1458
6537
2119
6292
661
6887
15451
13313
637
15883
19461
16569
11167
22463
20346
619
22757
1325
22987
7287
14194
4807
24519
18427
20693
9630
20277
10926
16887
1834
17793
18471
3035
3135
12468
11775
4403
20480
17843
22266
19028
23183
10426
6240
22712
4413
22354
9132
18
10867
7254
15373
6606
19942
17709
2741
23322
9715
14376
22383
10816
6626
737
9348
7353
17309
11894
16787
21693
23180
12717
18344
6970
6468
21765
11019
9095
8811
2015
16403
13419
15398
5098
4976
23494
9812
22556
24335
23812
6422
4549
4216
14228
14638
8490
24242
22607
16901
1260
17241
17137
23513
336
20112
1043
8005
18985
5335
8052
1623
7691
5555
18618
12990
21343
19689
17008
24330
13994
6492
736
24223
24039
12201
24719
1148
23527
16382
1222
3116
17698
13848
17357
6210
17909
840
9236
24759
24205
18102
6405
18043
17152
23784
4110
5465
7975
21674
11666
17820
16192
9307
11060
13327
5752
10461
11012
21361
10360
21140
7294
8539
11353
3892
9212
14982
11420
12763
9877
21097
23934
18913
2235
22703
17692
21328
13844
589
13627
13220
4885
24845
10457
6213
3541
23069
18155
18010
16056
11730
8197
16207
2323
20951
14607
4110
20898
7094
11914
21469
14514
12662
6518
20762
1114
20593
24542
17767
10626
13473
9734
1115
16307
20312
18349
13096
1121
5001
9686
24921
3393
4583
4388
23056
9331
13667
17721
13781
3590
13627
7643
4333
15120
17655
10133
24797
4080
21711
6409
15101
16955
8403
21630
13704
2059
11715
9762
24218
15868
9736
193
14149
5423
18502
16454
9470
20807
10400
15413
7887
10186
15774
21158
24195
8629
599
12685
5426
13683
275
10861
24543
556
8141
7193
4009
15113
22515
12996
24734
3870
12984
24025
17864
10147
9692
20420
7371
1831
7728
9050
7867
3897
10412
2419
24663
3116
2866
17515
20295
9850
1130
9976
17806
23763
431
7520
12951
17341
23720
11777
20735
21831
16693
17977
9630
21637
11112
1083
9316
8155
23517
22013
19752
8977
15501
13340
2504
3265
11909
21082
7582
23567
16778
16665
6342
8534
3425
11912
10901
17136
829
23642
9599
23566
21021
18805
7494
15079
23529
19098
2685
4091
10675
6693
928
18055
5932
3260
18112
11685
23762
1762
22310
1021
6098
757
7794
7551
9847
22264
20031
14502
19561
2591
3759
15062
22837
19548
12628
18394
16859
5317
1752
4570
8775
20677
24699
24485
11561
17877
20175
4211
18418
12438
21469
19705
18762
9406
24096
4156
12866
11129
11977
17501
10656
8037
17988
5361
15103
22730
5174
7849
8095
20994
18580
17563
156
12745
735
13708
20761
551
6527
4928
467
2051
4789
14554
4619
19161
18605
20994
46
24341
18385
15163
12045
23778
23818
17122
8381
6941
13813
20603
6227
14305
15903
16422
4014
23945
8051
499
8228
23436
11536
23700
939
1897
198
1349
13342
21601
22206
20361
17782
14076
17556
10952
22388
3139
16279
23272
8841
3207
10501
23817
23951
22938
19440
11867
24325
1664
12635
2693
18413
23341
16358
14838
18741
2474
20111
141
3193
17455
17914
6760
4576
12692
24106
6475
7187
23825
18657
24100
18463
21016
10900
14189
4275
2416
12173
2783
12752
2412
24758
15772
11995
17996
7070
16208
21250
6960
22727
17112
23070
10201
8147
22585
6616
13989
16119
22638
12673
10310
23461
10451
1029
24282
2507
7387
2225
4345
14040
1058
4746
6851
3953
8168
739
8297
5133
662
15214
5532
3555
4222
24622
16541
15980
20683
21182
10751
6315
13804
527
15102
12812
2703
860
7867
4183
15613
12048
17877
21188
7120
18604
4567
6318
6553
976
13910
7055
3144
19442
10732
20796
20820
134
5090
9464
11009
19529
22827
5002
6314
15476
841
4122
21666
13376
2187
18406
23255
23392
6177
8207
18567
22224
24978
6983
10167
15410
10085
948
9652
2122
2666
10868
15569
5381
15491
11846
15881
8366
1958
23548
12785
14575
13052
20352
7429
8368
15508
12774
5076
19038
24038
14482
385
4541
1445
17115
10086
1010
7378
16506
2970
17515
20647
19609
3561
23144
496
23980
8285
9137
2272
20596
17413
21960
2668
22119
16446
4540
7882
4859
18366
16238
22331
17467
9901
2548
1101
17356